8.52991e+12
8.8187e+12
8.80538e+12
8.64084e+12
8.94615e+12
8.42742e+12
8.54775e+12
8.28789e+12
8.16484e+12
7.96258e+12
7.81012e+12
7.50259e+12
7.52408e+12
7.32751e+12
6.80974e+12
6.39766e+12
5.98683e+12
5.70044e+12
5.75954e+12
6.13446e+12
6.57911e+12
7.0627e+12
7.23979e+12
7.54029e+12
7.70082e+12
7.82132e+12
7.78832e+12
8.48398e+12
8.13169e+12
8.4371e+12
8.67539e+12
8.54598e+12
8.79218e+12
9.06984e+12
8.34317e+12
8.16745e+12
9.7904e+12
9.86126e+12
1.00066e+13
1.04949e+13
1.00585e+13
1.01418e+13
9.81852e+12
9.84082e+12
9.78325e+12
9.32186e+12
8.98317e+12
9.10607e+12
8.42071e+12
8.26732e+12
8.0622e+12
7.73524e+12
7.51478e+12
7.24889e+12
7.64087e+12
7.73055e+12
7.87702e+12
7.98866e+12
8.83851e+12
8.42648e+12
9.02807e+12
9.1617e+12
9.81131e+12
9.57592e+12
9.72533e+12
9.89138e+12
9.67985e+12
1.04482e+13
1.0497e+13
1.03724e+13
1.03409e+13
9.9932e+12
9.81462e+12
1.04394e+13
1.04179e+13
1.01349e+13
1.02157e+13
1.0251e+13
9.71381e+12
1.01396e+13
9.49454e+12
9.21245e+12
9.17398e+12
8.82097e+12
8.79682e+12
8.21941e+12
8.41424e+12
8.06244e+12
7.7872e+12
7.44943e+12
7.55178e+12
7.78313e+12
8.02338e+12
8.24497e+12
8.34147e+12
8.63241e+12
9.31867e+12
9.69535e+12
9.54782e+12
9.50962e+12
9.77222e+12
1.01101e+13
1.04061e+13
9.89387e+12
9.87845e+12
1.03171e+13
9.98843e+12
9.95254e+12
9.2822e+12
9.40798e+12
1.01714e+13
1.0485e+13
9.70675e+12
1.02441e+13
9.74073e+12
1.00087e+13
9.65437e+12
9.35516e+12
9.41832e+12
9.10762e+12
8.60043e+12
8.7371e+12
8.11231e+12
8.17271e+12
7.54034e+12
7.56585e+12
7.53461e+12
7.70435e+12
8.32803e+12
8.23035e+12
8.40472e+12
8.82054e+12
9.7043e+12
9.11617e+12
9.27875e+12
9.61196e+12
9.66192e+12
9.48841e+12
1.04136e+13
9.83112e+12
1.00728e+13
1.07371e+13
1.03755e+13
9.55631e+12
9.24938e+12
9.95708e+12
1.05137e+13
9.9021e+12
1.00037e+13
9.90085e+12
9.67473e+12
9.44778e+12
9.58838e+12
9.08804e+12
9.17341e+12
8.8879e+12
8.60158e+12
8.42643e+12
8.31547e+12
7.63247e+12
7.41488e+12
7.27679e+12
7.76532e+12
7.54725e+12
7.72866e+12
8.33907e+12
8.21071e+12
8.94742e+12
9.02937e+12
9.11361e+12
9.38406e+12
9.54552e+12
9.95106e+12
9.47071e+12
1.00266e+13
1.01403e+13
1.00402e+13
1.03042e+13
9.93381e+12
9.43289e+12
9.47799e+12
9.42328e+12
9.99662e+12
9.60081e+12
9.69696e+12
9.82311e+12
9.87864e+12
9.38391e+12
9.57184e+12
9.32124e+12
9.20358e+12
8.74719e+12
8.17572e+12
8.50878e+12
8.06816e+12
8.15853e+12
7.50424e+12
7.25457e+12
7.08491e+12
7.42296e+12
7.73928e+12
8.0748e+12
8.24649e+12
8.25014e+12
8.74698e+12
9.15839e+12
9.57264e+12
9.23971e+12
9.56989e+12
9.44589e+12
9.69988e+12
1.0196e+13
9.70194e+12
9.89963e+12
1.01661e+13
9.21406e+12
9.19365e+12
9.55166e+12
1.00444e+13
9.74037e+12
9.4595e+12
1.02561e+13
9.54034e+12
9.74516e+12
9.49531e+12
9.39458e+12
8.98336e+12
9.032e+12
8.25861e+12
8.28775e+12
7.49167e+12
7.72762e+12
7.22992e+12
7.10235e+12
6.84979e+12
7.02521e+12
7.49327e+12
7.95038e+12
8.49897e+12
8.57794e+12
8.96132e+12
8.69944e+12
9.20864e+12
9.3763e+12
9.54706e+12
9.85282e+12
9.51994e+12
9.59555e+12
9.46897e+12
1.01111e+13
9.86308e+12
9.30702e+12
9.23282e+12
9.72093e+12
1.01064e+13
9.7526e+12
9.99379e+12
1.01701e+13
1.00366e+13
9.42276e+12
9.42724e+12
9.38629e+12
9.18138e+12
8.56888e+12
8.46734e+12
8.72547e+12
7.99834e+12
7.88178e+12
7.54635e+12
7.3624e+12
7.10275e+12
7.26056e+12
7.72873e+12
8.09748e+12
8.3472e+12
9.1773e+12
8.78266e+12
9.44083e+12
9.36843e+12
9.55816e+12
9.53284e+12
9.54131e+12
1.02196e+13
9.71738e+12
1.0302e+13
1.04141e+13
9.8398e+12
9.62064e+12
9.52639e+12
9.96481e+12
9.88141e+12
1.01639e+13
9.92821e+12
9.61285e+12
1.02431e+13
9.50657e+12
9.35964e+12
1.00744e+13
9.29767e+12
9.20602e+12
9.00959e+12
8.23447e+12
7.90781e+12
7.83013e+12
7.4263e+12
7.46665e+12
7.40181e+12
7.61189e+12
8.22636e+12
8.42289e+12
8.7415e+12
8.57122e+12
8.81348e+12
9.17595e+12
9.38667e+12
9.92685e+12
9.77576e+12
9.82323e+12
9.66338e+12
1.00675e+13
1.06354e+13
1.00338e+13
1.05186e+13
9.58141e+12
9.38978e+12
1.03572e+13
1.01407e+13
1.00451e+13
1.00704e+13
9.9659e+12
9.90005e+12
1.00231e+13
9.88795e+12
9.48349e+12
9.44425e+12
9.12731e+12
8.93601e+12
8.78988e+12
8.25846e+12
7.74782e+12
7.59608e+12
7.01191e+12
7.59797e+12
7.80273e+12
8.36736e+12
8.30573e+12
8.90799e+12
8.36826e+12
9.07842e+12
9.46851e+12
9.45312e+12
9.97321e+12
1.01462e+13
9.78772e+12
9.71316e+12
9.99678e+12
9.8703e+12
1.06113e+13
9.79584e+12
9.92236e+12
9.4381e+12
1.00274e+13
1.01756e+13
1.0188e+13
1.01364e+13
9.9637e+12
9.75503e+12
9.71686e+12
9.54862e+12
9.93226e+12
9.46398e+12
9.56345e+12
9.07454e+12
8.57124e+12
8.63748e+12
7.78542e+12
7.90226e+12
7.93791e+12
7.47966e+12
7.72783e+12
7.96046e+12
8.32523e+12
8.67601e+12
8.50483e+12
9.02713e+12
9.23025e+12
9.22047e+12
9.66465e+12
1.00371e+13
9.71599e+12
1.00265e+13
1.00877e+13
9.89639e+12
1.02949e+13
1.03517e+13
9.49029e+12
8.29108e+12
8.51796e+12
8.4371e+12
8.57442e+12
8.37723e+12
8.42451e+12
8.35261e+12
8.46945e+12
8.13195e+12
7.71647e+12
7.72296e+12
7.22759e+12
7.63138e+12
7.03592e+12
6.46306e+12
6.63196e+12
6.10859e+12
6.18232e+12
5.72648e+12
6.46944e+12
6.68448e+12
6.75473e+12
7.39741e+12
7.11696e+12
7.71302e+12
7.77559e+12
7.90856e+12
8.19559e+12
8.29836e+12
8.26874e+12
8.51972e+12
8.80467e+12
8.43971e+12
8.61033e+12
8.25169e+12
8.16717e+12
9.0415e+12
9.33871e+12
9.88953e+12
9.29421e+12
9.39712e+12
8.94877e+12
8.71123e+12
8.88791e+12
8.08522e+12
8.22448e+12
8.04122e+12
7.68793e+12
7.54981e+12
6.63388e+12
6.50363e+12
6.18501e+12
5.76204e+12
4.94251e+12
5.38214e+12
5.69749e+12
6.28597e+12
6.45639e+12
6.63973e+12
7.16655e+12
7.618e+12
7.68082e+12
8.11145e+12
8.24411e+12
8.08332e+12
8.73336e+12
9.02123e+12
8.84344e+12
9.45513e+12
9.3574e+12
9.80924e+12
9.09528e+12
1.04605e+13
1.06484e+13
1.11292e+13
1.04138e+13
1.03603e+13
1.04439e+13
9.9113e+12
1.01067e+13
9.54662e+12
9.20164e+12
9.44881e+12
9.17802e+12
8.85923e+12
8.57398e+12
8.00375e+12
7.50611e+12
7.05942e+12
6.97137e+12
6.99196e+12
7.04137e+12
7.43966e+12
7.90493e+12
8.16364e+12
8.57629e+12
8.87612e+12
9.03836e+12
9.39632e+12
1.01241e+13
1.01293e+13
1.03735e+13
1.03578e+13
1.02076e+13
1.0584e+13
1.05616e+13
1.1118e+13
1.05509e+13
1.03904e+13
1.11131e+13
1.09978e+13
1.12446e+13
1.06814e+13
1.08255e+13
1.04837e+13
1.01442e+13
1.00529e+13
9.82005e+12
9.04971e+12
9.03571e+12
8.80033e+12
8.65707e+12
8.15751e+12
7.50544e+12
7.3916e+12
6.68111e+12
6.47801e+12
7.21741e+12
7.90813e+12
8.46626e+12
8.08175e+12
8.55287e+12
9.18271e+12
9.33498e+12
9.6408e+12
9.56808e+12
9.98362e+12
1.03046e+13
1.06546e+13
1.10387e+13
1.06369e+13
1.09215e+13
1.10523e+13
1.04465e+13
1.06176e+13
1.16259e+13
1.07095e+13
1.10238e+13
1.09095e+13
1.0413e+13
1.00997e+13
1.02121e+13
9.90574e+12
9.3564e+12
9.3619e+12
8.88783e+12
8.55977e+12
8.48117e+12
7.36852e+12
7.65502e+12
7.26677e+12
6.88033e+12
6.82491e+12
7.40747e+12
7.45422e+12
7.97799e+12
8.57525e+12
8.65231e+12
9.49617e+12
9.24263e+12
9.81293e+12
1.00684e+13
1.03353e+13
1.01031e+13
1.02376e+13
1.08587e+13
1.11644e+13
1.10097e+13
1.13533e+13
1.05961e+13
1.05105e+13
1.07805e+13
1.07765e+13
1.07106e+13
1.12024e+13
1.08297e+13
1.00243e+13
1.02055e+13
1.00149e+13
9.58795e+12
9.19384e+12
9.06004e+12
8.46246e+12
8.13098e+12
7.91298e+12
7.56194e+12
6.8758e+12
6.47887e+12
6.71275e+12
6.98203e+12
7.40789e+12
7.80001e+12
8.14024e+12
8.82257e+12
9.10785e+12
8.9844e+12
9.40833e+12
9.90422e+12
9.73081e+12
1.0209e+13
1.05905e+13
1.0781e+13
1.03855e+13
1.0704e+13
1.1203e+13
1.05561e+13
1.04214e+13
1.11847e+13
1.12757e+13
1.09795e+13
1.01766e+13
9.91633e+12
1.02895e+13
9.95222e+12
9.54737e+12
9.35895e+12
8.98408e+12
8.82462e+12
8.16102e+12
8.61098e+12
7.6755e+12
7.33485e+12
7.27691e+12
6.80967e+12
6.51547e+12
7.05177e+12
7.24584e+12
7.64658e+12
8.32542e+12
8.22594e+12
8.71802e+12
9.24553e+12
9.34677e+12
9.49169e+12
9.72363e+12
9.79561e+12
1.03982e+13
1.06768e+13
1.11102e+13
1.07852e+13
1.06538e+13
1.07682e+13
1.01155e+13
1.09286e+13
1.0802e+13
1.02057e+13
1.05265e+13
1.07373e+13
9.86034e+12
1.01871e+13
9.46029e+12
9.34347e+12
8.8688e+12
8.64989e+12
8.48698e+12
7.96901e+12
7.72682e+12
7.10141e+12
6.76897e+12
6.45489e+12
6.43952e+12
7.01758e+12
7.39042e+12
7.62288e+12
8.04781e+12
8.20173e+12
8.82708e+12
8.90979e+12
9.65525e+12
9.61948e+12
9.58715e+12
1.04283e+13
1.04054e+13
1.03947e+13
1.05936e+13
1.1128e+13
1.07858e+13
1.03993e+13
1.08806e+13
1.08842e+13
1.13771e+13
1.05611e+13
1.08191e+13
1.04521e+13
1.09119e+13
1.01213e+13
1.00513e+13
9.65403e+12
9.46322e+12
9.45851e+12
8.67452e+12
8.15061e+12
8.11099e+12
7.28429e+12
6.92126e+12
6.65538e+12
6.53555e+12
6.97571e+12
7.63389e+12
7.53425e+12
8.47413e+12
8.02739e+12
9.22434e+12
9.20336e+12
9.219e+12
9.74717e+12
9.88385e+12
1.03707e+13
1.07388e+13
1.08846e+13
1.03431e+13
1.05063e+13
1.1511e+13
1.07466e+13
1.083e+13
1.11872e+13
1.09217e+13
1.10006e+13
1.06791e+13
1.0343e+13
9.73794e+12
1.03348e+13
9.70558e+12
9.88388e+12
9.35668e+12
8.97452e+12
8.42522e+12
8.35322e+12
7.71159e+12
7.63276e+12
7.48058e+12
6.77893e+12
6.60562e+12
6.81916e+12
7.52246e+12
7.58854e+12
8.15244e+12
8.5622e+12
8.89087e+12
9.16183e+12
9.50938e+12
9.59028e+12
9.57403e+12
1.07004e+13
1.08922e+13
1.07725e+13
1.12759e+13
1.06021e+13
1.10436e+13
1.05171e+13
1.06292e+13
1.08721e+13
1.11868e+13
1.05684e+13
1.03483e+13
1.06495e+13
1.05509e+13
1.0045e+13
1.00353e+13
9.59966e+12
9.22324e+12
8.90605e+12
8.69282e+12
8.28626e+12
7.82332e+12
7.44258e+12
7.58214e+12
6.72113e+12
6.41976e+12
7.1478e+12
7.96878e+12
8.3521e+12
8.28388e+12
8.8561e+12
9.1181e+12
9.27819e+12
9.7949e+12
9.9683e+12
9.83525e+12
1.0347e+13
1.08755e+13
1.05156e+13
1.09138e+13
1.12221e+13
1.08126e+13
1.11733e+13
1.07363e+13
1.10847e+13
1.11651e+13
1.07832e+13
1.06413e+13
1.07246e+13
1.04938e+13
1.01877e+13
9.89308e+12
9.63538e+12
9.42749e+12
8.73337e+12
8.30944e+12
8.06067e+12
8.02644e+12
7.41659e+12
6.98082e+12
6.91858e+12
6.91152e+12
7.10212e+12
7.56993e+12
8.11889e+12
8.15794e+12
8.48344e+12
8.60421e+12
9.27711e+12
9.73572e+12
9.44876e+12
9.6825e+12
1.03781e+13
1.05116e+13
1.08386e+13
1.07374e+13
1.10286e+13
1.07944e+13
1.04701e+13
8.74818e+12
9.46106e+12
9.48514e+12
8.71913e+12
8.8103e+12
9.30661e+12
8.55124e+12
8.46972e+12
8.49652e+12
7.96805e+12
7.89327e+12
7.06106e+12
7.22604e+12
6.94297e+12
6.27787e+12
5.97175e+12
5.72727e+12
5.07215e+12
5.41991e+12
5.96905e+12
6.27021e+12
6.6049e+12
6.60903e+12
6.88955e+12
6.83945e+12
7.54687e+12
7.97785e+12
7.96586e+12
8.36234e+12
8.7876e+12
8.69026e+12
9.5925e+12
9.23086e+12
9.22593e+12
1.0092e+13
9.7617e+12
1.07404e+13
1.10723e+13
1.15683e+13
1.14034e+13
1.16489e+13
1.14559e+13
1.12352e+13
1.0848e+13
1.13658e+13
1.11891e+13
1.03344e+13
1.00313e+13
9.62785e+12
9.46598e+12
9.49333e+12
8.84983e+12
8.81831e+12
8.03797e+12
8.20213e+12
8.25434e+12
8.77825e+12
9.16415e+12
9.48759e+12
9.56896e+12
1.00181e+13
1.01689e+13
1.03443e+13
1.04892e+13
1.10751e+13
1.11812e+13
1.09358e+13
1.14045e+13
1.1685e+13
1.16034e+13
1.17372e+13
1.10961e+13
1.28284e+13
1.35907e+13
1.3282e+13
1.32298e+13
1.29595e+13
1.31233e+13
1.32944e+13
1.32112e+13
1.31201e+13
1.23287e+13
1.24385e+13
1.2206e+13
1.1832e+13
1.08845e+13
1.11517e+13
1.08296e+13
1.03095e+13
1.03766e+13
9.92173e+12
1.03951e+13
1.06461e+13
1.0734e+13
1.14153e+13
1.15628e+13
1.24166e+13
1.23345e+13
1.26905e+13
1.22702e+13
1.31709e+13
1.24389e+13
1.30344e+13
1.27447e+13
1.29752e+13
1.33408e+13
1.33166e+13
1.22232e+13
1.27599e+13
1.31961e+13
1.32559e+13
1.34546e+13
1.3122e+13
1.33175e+13
1.32273e+13
1.33395e+13
1.29935e+13
1.28287e+13
1.25451e+13
1.2703e+13
1.13968e+13
1.12533e+13
1.09933e+13
1.0451e+13
1.02622e+13
1.01894e+13
1.05474e+13
1.01461e+13
1.11314e+13
1.12338e+13
1.13582e+13
1.19427e+13
1.20594e+13
1.26956e+13
1.27998e+13
1.28424e+13
1.32726e+13
1.35874e+13
1.27033e+13
1.30571e+13
1.33334e+13
1.33908e+13
1.30576e+13
1.3085e+13
1.28748e+13
1.33315e+13
1.30174e+13
1.37004e+13
1.3065e+13
1.35136e+13
1.25764e+13
1.28901e+13
1.25353e+13
1.22213e+13
1.19464e+13
1.22684e+13
1.1601e+13
1.13122e+13
1.08443e+13
1.07176e+13
1.00075e+13
9.86812e+12
9.99643e+12
1.08031e+13
1.07844e+13
1.08947e+13
1.15095e+13
1.17167e+13
1.16286e+13
1.22619e+13
1.22373e+13
1.26231e+13
1.2918e+13
1.30769e+13
1.32321e+13
1.34148e+13
1.38177e+13
1.35874e+13
1.37499e+13
1.2849e+13
1.21495e+13
1.3579e+13
1.32265e+13
1.34231e+13
1.32845e+13
1.34167e+13
1.33267e+13
1.28032e+13
1.24645e+13
1.27643e+13
1.21766e+13
1.1555e+13
1.15902e+13
1.16457e+13
1.09467e+13
1.05931e+13
9.76656e+12
9.76446e+12
9.39453e+12
1.0119e+13
1.07061e+13
1.08527e+13
1.10945e+13
1.1457e+13
1.23749e+13
1.22921e+13
1.24604e+13
1.30575e+13
1.30372e+13
1.30382e+13
1.32235e+13
1.33197e+13
1.35243e+13
1.33503e+13
1.32097e+13
1.23228e+13
1.23106e+13
1.24984e+13
1.30494e+13
1.31188e+13
1.29131e+13
1.33926e+13
1.29241e+13
1.30662e+13
1.24489e+13
1.29623e+13
1.15303e+13
1.1686e+13
1.11237e+13
1.11764e+13
1.09057e+13
1.04165e+13
1.00589e+13
9.30162e+12
9.73182e+12
1.01291e+13
1.03364e+13
1.00835e+13
1.13755e+13
1.18126e+13
1.19746e+13
1.20531e+13
1.21848e+13
1.23826e+13
1.25155e+13
1.27998e+13
1.29351e+13
1.27908e+13
1.25123e+13
1.31314e+13
1.35423e+13
1.23895e+13
1.23735e+13
1.29502e+13
1.32496e+13
1.33023e+13
1.26659e+13
1.35001e+13
1.31567e+13
1.27242e+13
1.26492e+13
1.25048e+13
1.24825e+13
1.21394e+13
1.11697e+13
1.11013e+13
1.09413e+13
1.01596e+13
9.85356e+12
9.56843e+12
9.91673e+12
9.80886e+12
1.116e+13
1.08738e+13
1.16577e+13
1.12307e+13
1.11081e+13
1.20612e+13
1.20837e+13
1.26465e+13
1.24755e+13
1.23523e+13
1.25393e+13
1.33611e+13
1.31727e+13
1.32318e+13
1.31487e+13
1.25657e+13
1.27902e+13
1.34012e+13
1.30956e+13
1.29804e+13
1.40307e+13
1.371e+13
1.3193e+13
1.2633e+13
1.27473e+13
1.20344e+13
1.1826e+13
1.18601e+13
1.18716e+13
1.15997e+13
1.13263e+13
1.07116e+13
1.03568e+13
9.78773e+12
9.77694e+12
1.053e+13
1.11881e+13
1.07145e+13
1.14822e+13
1.18747e+13
1.23654e+13
1.21467e+13
1.24827e+13
1.31346e+13
1.32653e+13
1.29722e+13
1.34539e+13
1.29134e+13
1.30167e+13
1.39362e+13
1.3793e+13
1.21597e+13
1.2673e+13
1.31806e+13
1.31587e+13
1.33413e+13
1.36377e+13
1.33883e+13
1.35548e+13
1.27914e+13
1.24509e+13
1.24622e+13
1.22216e+13
1.24375e+13
1.14448e+13
1.13822e+13
1.07177e+13
1.06434e+13
1.03643e+13
1.00047e+13
1.03098e+13
1.08956e+13
1.07124e+13
1.09926e+13
1.0995e+13
1.13894e+13
1.19976e+13
1.26122e+13
1.2818e+13
1.28566e+13
1.28937e+13
1.33535e+13
1.33906e+13
1.37379e+13
1.36639e+13
1.29551e+13
1.28384e+13
1.25113e+13
1.30222e+13
1.37381e+13
1.33236e+13
1.34492e+13
1.36901e+13
1.35669e+13
1.28115e+13
1.28797e+13
1.31176e+13
1.33375e+13
1.26578e+13
1.20568e+13
1.20542e+13
1.14693e+13
1.11359e+13
1.02391e+13
1.02712e+13
1.00726e+13
1.04004e+13
1.0452e+13
1.07376e+13
1.11643e+13
1.14627e+13
1.21895e+13
1.2243e+13
1.24608e+13
1.25512e+13
1.28156e+13
1.2995e+13
1.30818e+13
1.36668e+13
1.31919e+13
1.36888e+13
1.30324e+13
1.3233e+13
1.27583e+13
1.26521e+13
1.32793e+13
1.35301e+13
1.40412e+13
1.33288e+13
1.3637e+13
1.33088e+13
1.31792e+13
1.26512e+13
1.26994e+13
1.25496e+13
1.22517e+13
1.14276e+13
1.15391e+13
1.14315e+13
1.07905e+13
1.03463e+13
1.01246e+13
1.01659e+13
1.04897e+13
1.06197e+13
1.08691e+13
1.14866e+13
1.15962e+13
1.21257e+13
1.20324e+13
1.26813e+13
1.27695e+13
1.26789e+13
1.3567e+13
1.29987e+13
1.29455e+13
1.35246e+13
1.35368e+13
1.34469e+13
1.25627e+13
1.13371e+13
1.16298e+13
1.13852e+13
1.14147e+13
1.0987e+13
1.07327e+13
1.13804e+13
1.12788e+13
1.07706e+13
1.08644e+13
1.05856e+13
1.0328e+13
9.81555e+12
9.40353e+12
8.97024e+12
9.22662e+12
8.37947e+12
8.20506e+12
8.24193e+12
8.67047e+12
9.13848e+12
9.13526e+12
9.37836e+12
9.85023e+12
1.02157e+13
1.02588e+13
1.07587e+13
1.06279e+13
1.10554e+13
1.09933e+13
1.15746e+13
1.12339e+13
1.13488e+13
1.06422e+13
1.13459e+13
1.09519e+13
1.16581e+13
1.27103e+13
1.24586e+13
1.22952e+13
1.17723e+13
1.14176e+13
1.14706e+13
1.11262e+13
1.11307e+13
1.04036e+13
1.03216e+13
9.8243e+12
9.51992e+12
9.20248e+12
8.47748e+12
8.30368e+12
7.92794e+12
7.68397e+12
7.08297e+12
7.73043e+12
8.19703e+12
8.71648e+12
8.98298e+12
9.14788e+12
9.04413e+12
1.01988e+13
1.03774e+13
1.08069e+13
1.12457e+13
1.16624e+13
1.17725e+13
1.15841e+13
1.16639e+13
1.23028e+13
1.21196e+13
1.20003e+13
1.30676e+13
1.40617e+13
1.44908e+13
1.39618e+13
1.38394e+13
1.36742e+13
1.33022e+13
1.2864e+13
1.27533e+13
1.23892e+13
1.19464e+13
1.17914e+13
1.15043e+13
1.07968e+13
1.01332e+13
9.81153e+12
9.49085e+12
9.13888e+12
9.15684e+12
9.45236e+12
9.76554e+12
1.00049e+13
1.1155e+13
1.13551e+13
1.17359e+13
1.26192e+13
1.23426e+13
1.31191e+13
1.30564e+13
1.40127e+13
1.36798e+13
1.41062e+13
1.43722e+13
1.41252e+13
1.39971e+13
1.37095e+13
1.37877e+13
1.4099e+13
1.46096e+13
1.44507e+13
1.4127e+13
1.38946e+13
1.30837e+13
1.34985e+13
1.27538e+13
1.32824e+13
1.2405e+13
1.21378e+13
1.16599e+13
1.11586e+13
1.07081e+13
1.01973e+13
9.40152e+12
9.34646e+12
8.75493e+12
1.01351e+13
1.00647e+13
1.09551e+13
1.11665e+13
1.10096e+13
1.1865e+13
1.24824e+13
1.25186e+13
1.28532e+13
1.32674e+13
1.34088e+13
1.42487e+13
1.44466e+13
1.46742e+13
1.4331e+13
1.49763e+13
1.37457e+13
1.38808e+13
1.4157e+13
1.40663e+13
1.46205e+13
1.4272e+13
1.4188e+13
1.37927e+13
1.36895e+13
1.31933e+13
1.2178e+13
1.23616e+13
1.22023e+13
1.13909e+13
1.13921e+13
1.08606e+13
9.9232e+12
9.71029e+12
9.35319e+12
9.26481e+12
9.66491e+12
9.92376e+12
1.07812e+13
1.09887e+13
1.20347e+13
1.22059e+13
1.19763e+13
1.2279e+13
1.30949e+13
1.32796e+13
1.42229e+13
1.36171e+13
1.43889e+13
1.42218e+13
1.45135e+13
1.46302e+13
1.45598e+13
1.40762e+13
1.42756e+13
1.40594e+13
1.39089e+13
1.38577e+13
1.43999e+13
1.34853e+13
1.31924e+13
1.27053e+13
1.30116e+13
1.21334e+13
1.19862e+13
1.09684e+13
1.09199e+13
1.01062e+13
1.0197e+13
9.87437e+12
9.18634e+12
9.07328e+12
9.11978e+12
9.80649e+12
1.01449e+13
1.11903e+13
1.1731e+13
1.20524e+13
1.26257e+13
1.23689e+13
1.2067e+13
1.28332e+13
1.36395e+13
1.35996e+13
1.42889e+13
1.44254e+13
1.42642e+13
1.42614e+13
1.41484e+13
1.39349e+13
1.42626e+13
1.38835e+13
1.40661e+13
1.34163e+13
1.36005e+13
1.31022e+13
1.30952e+13
1.25724e+13
1.18407e+13
1.13038e+13
1.13404e+13
1.1317e+13
1.07814e+13
9.55876e+12
1.05832e+13
9.0864e+12
8.929e+12
8.57853e+12
9.41737e+12
1.0363e+13
1.06882e+13
1.10282e+13
1.11218e+13
1.15913e+13
1.21276e+13
1.28739e+13
1.2661e+13
1.30593e+13
1.38811e+13
1.33436e+13
1.36085e+13
1.40775e+13
1.44914e+13
1.36634e+13
1.34828e+13
1.36056e+13
1.38816e+13
1.39485e+13
1.43651e+13
1.34923e+13
1.39491e+13
1.36879e+13
1.35237e+13
1.28175e+13
1.21046e+13
1.19567e+13
1.15988e+13
1.10628e+13
1.07194e+13
1.08042e+13
9.63603e+12
9.58261e+12
9.01406e+12
9.08731e+12
9.234e+12
1.00091e+13
9.78188e+12
1.08184e+13
1.12051e+13
1.16238e+13
1.17584e+13
1.28078e+13
1.26856e+13
1.29021e+13
1.30139e+13
1.37317e+13
1.3892e+13
1.41079e+13
1.44118e+13
1.43301e+13
1.39737e+13
1.40855e+13
1.38441e+13
1.45609e+13
1.41553e+13
1.39414e+13
1.41084e+13
1.37845e+13
1.25491e+13
1.26406e+13
1.26802e+13
1.23389e+13
1.15885e+13
1.15124e+13
1.13492e+13
1.04676e+13
1.04502e+13
9.76788e+12
9.23739e+12
9.30544e+12
9.04982e+12
9.84128e+12
1.072e+13
1.08008e+13
1.13979e+13
1.18391e+13
1.23246e+13
1.23758e+13
1.2656e+13
1.32957e+13
1.38473e+13
1.43118e+13
1.41311e+13
1.37915e+13
1.42421e+13
1.43171e+13
1.34124e+13
1.40433e+13
1.49422e+13
1.46248e+13
1.44489e+13
1.41405e+13
1.34017e+13
1.32343e+13
1.33518e+13
1.32589e+13
1.25087e+13
1.23722e+13
1.22564e+13
1.14615e+13
1.10722e+13
1.08587e+13
1.04629e+13
9.56927e+12
9.02783e+12
9.12032e+12
9.5573e+12
9.85154e+12
1.07778e+13
1.06669e+13
1.14201e+13
1.21432e+13
1.19981e+13
1.26836e+13
1.23425e+13
1.31377e+13
1.40322e+13
1.44238e+13
1.4004e+13
1.45256e+13
1.4692e+13
1.40967e+13
1.44901e+13
1.43791e+13
1.45237e+13
1.47014e+13
1.48393e+13
1.42287e+13
1.40153e+13
1.35478e+13
1.2779e+13
1.30767e+13
1.25311e+13
1.25583e+13
1.15349e+13
1.1451e+13
1.14273e+13
1.03724e+13
1.03925e+13
9.95567e+12
8.90808e+12
9.3057e+12
1.00094e+13
1.04055e+13
1.07122e+13
1.09831e+13
1.19643e+13
1.17691e+13
1.27946e+13
1.26014e+13
1.28731e+13
1.33513e+13
1.35423e+13
1.39629e+13
1.4251e+13
1.46694e+13
1.47146e+13
1.4428e+13
1.42387e+13
1.41955e+13
1.38692e+13
1.43969e+13
1.48221e+13
1.38327e+13
1.37455e+13
1.36247e+13
1.30328e+13
1.29782e+13
1.28483e+13
1.18361e+13
1.14067e+13
1.16094e+13
1.02483e+13
1.04035e+13
1.01929e+13
9.70432e+12
8.76272e+12
9.563e+12
9.85068e+12
9.75536e+12
1.01121e+13
1.10746e+13
1.11742e+13
1.17359e+13
1.23432e+13
1.24335e+13
1.21488e+13
1.29505e+13
1.36563e+13
1.371e+13
1.43145e+13
1.39575e+13
1.46675e+13
1.45233e+13
1.34531e+13
1.24101e+13
1.21056e+13
1.28161e+13
1.19321e+13
1.19948e+13
1.18692e+13
1.15372e+13
1.09396e+13
1.12604e+13
1.03131e+13
1.03556e+13
9.90492e+12
9.47947e+12
9.25143e+12
8.61292e+12
8.35481e+12
7.52164e+12
6.99993e+12
7.2351e+12
8.06343e+12
8.12219e+12
8.15848e+12
9.38734e+12
9.69823e+12
1.01562e+13
9.78028e+12
1.02109e+13
1.09388e+13
1.10781e+13
1.18206e+13
1.19735e+13
1.16709e+13
1.1828e+13
1.29437e+13
1.23898e+13
1.1852e+13
